1.932138 -0.000000 0.103153 1.006874 -0.000000
1.938639 0.000000 0.100258 0.955805 -0.000000
2.096258 0.000000 0.100365 1.006680 0.000000
1.910963 0.000000 0.096062 1.047742 -0.000000
2.027475 0.000000 0.101432 1.040719 0.000000
1.981061 0.000000 0.103810 1.003238 -0.000000
2.058398 -0.000000 0.101728 1.048305 -0.000000
2.011101 0.000000 0.100753 0.977216 -0.000000
1.960794 0.000000 0.102980 0.980695 0.000000
1.947887 0.000000 0.102535 0.974218 -0.000000
2.096961 -0.000000 0.096753 0.991549 -0.000000
1.911336 0.000000 0.101381 0.966719 -0.000000
2.002182 0.000000 0.102857 0.972200 -0.000000
2.044971 -0.000000 0.097043 0.956654 -0.000000
2.020044 0.000000 0.099724 0.959788 -0.000000
2.033095 -0.000000 0.100609 1.035175 0.000000
2.056194 -0.000000 0.104541 0.984962 0.000000
2.052093 0.000000 0.101802 0.975597 -0.000000
2.026726 0.000000 0.102139 0.982859 -0.000000
2.067770 0.000000 0.103749 1.031436 -0.000000
1.959027 -0.000000 0.102531 1.036359 0.000000
1.989278 0.000000 0.096199 1.010808 0.000000
1.987552 -0.000000 0.102642 1.047875 0.000000
2.081482 0.000000 0.099629 1.013538 0.000000
1.930751 0.000000 0.104384 1.043914 0.000000
1.932215 0.000000 0.104900 1.045497 0.000000
1.958706 0.000000 0.098734 0.979266 -0.000000
1.912007 -0.000000 0.104368 0.981668 -0.000000
2.092670 0.000000 0.097499 0.964136 -0.000000
2.000654 0.000000 0.096536 0.972227 -0.000000
1.909635 -0.000000 0.096818 1.046571 -0.000000
2.052164 -0.000000 0.100814 0.951775 -0.000000
2.099441 0.000000 0.096127 0.979741 -0.000000
1.941019 0.000000 0.095163 1.048711 -0.000000
1.943498 -0.000000 0.101256 0.958920 -0.000000
2.086718 0.000000 0.104197 0.980830 0.000000
1.992886 -0.000000 0.100567 0.969442 -0.000000
1.948741 -0.000000 0.104717 1.025132 -0.000000
2.056825 -0.000000 0.099032 1.029344 -0.000000
1.935736 -0.000000 0.102224 0.960613 -0.000000
1.925361 -0.000000 0.100144 1.012009 0.000000
2.063387 -0.000000 0.100530 1.028636 0.000000
2.091246 -0.000000 0.104597 1.015757 -0.000000
2.012926 0.000000 0.101383 1.027296 -0.000000
1.902546 0.000000 0.104420 0.968860 -0.000000
1.945672 0.000000 0.101785 0.962872 -0.000000
2.047620 0.000000 0.096280 1.017873 0.000000
2.022659 -0.000000 0.096182 1.017860 -0.000000
1.904944 -0.000000 0.096038 1.012932 -0.000000
2.034239 0.000000 0.098093 0.952222 0.000000
1.949217 -0.000000 0.098063 0.976608 -0.000000
2.012752 0.000000 0.100631 0.987286 0.000000
1.924336 0.000000 0.095467 1.008804 -0.000000
1.907848 0.000000 0.102414 1.004259 -0.000000
1.904342 0.000000 0.101367 1.000263 -0.000000
1.907127 0.000000 0.095149 0.983552 0.000000
2.052301 -0.000000 0.095625 1.047199 0.000000
1.970880 -0.000000 0.095889 0.983730 0.000000
1.949540 -0.000000 0.095169 1.036979 -0.000000
1.937230 -0.000000 0.097272 0.989130 0.000000
2.022054 -0.000000 0.100496 0.996791 0.000000
1.952363 -0.000000 0.103159 0.965324 -0.000000
1.960389 -0.000000 0.100822 1.030790 0.000000
2.087466 0.000000 0.100425 1.016926 0.000000
